3,2
3,1
3,3
10,163
10,299
10,227
10,13
10,129
10,261
10,27
10,25
9,5
8,17
8,7
8,6
8,18
46,3
46,1
45,3
45,2
45,1
44,3
44,1
43,3
43,1
41,3
41,1
38,3
38,1
36,3
36,1
34,3
34,1
32,3
32,1
27,3
27,1
24,3
24,1
20,3
20,2
20,1
19,3
19,2
19,1
12,3
12,2
12,1
11,29
11,28
11,27
11,26
11,25
11,24
11,23
11,22
11,21
11,20
11,19
11,18
11,17
11,16
11,15
11,14
11,13
11,12
11,11
11,10
11,9
11,8
11,7
11,6
11,5
18,1
11,4
11,3
18,3
11,2
11,1
11,0
14,1
10,313
10,290
14,3
13,1
10,286
10,280
13,3
10,279
10,229
10,222
10,204
10,182
10,179
10,175
10,164
10,156
10,155
10,140
10,137
10,123
10,108
10,99
10,98
10,95
10,94
10,93
10,92
